0 6.38E-02
0.0234375 6.37E-02
0.046875 6.35E-02
0.0703125 0.063115884386665
0.09375 0.062579626943232
0.1171875 0.061892373906068
0.140625 0.061055783517406
0.1640625 0.060071874348923
0.1875 0.058943020431215
0.2109375 0.057671945525607
0.234375 0.056261716552107
0.2578125 0.054715736189376
0.28125 0.053037734664552
0.3046875 0.051231760752755
0.328125 0.049302172007974
0.3515625 0.047253624248923
0.375 0.04509106032522
0.3984375 0.042819698191007
0.421875 0.040445018314782
0.4453125 0.037972750455818
0.46875 0.035408859839085
0.4921875 0.032759532762024
0.515625 0.030031161667901
0.5390625 0.027230329721773
0.5625 0.024363794926257
0.5859375 0.021438473815447
0.609375 0.018461424766319
0.6328125 0.015439830967888
0.65625 0.012380983089207
0.6796875 0.009292261688043
0.703125 0.006181119402651
0.7265625 0.00305506296964
0.75 -7.84E-05
0.7734375 -0.003211603663885
0.796875 -0.00633709330368
0.8203125 -0.00944729245338
0.84375 -0.012534696652027
0.8671875 -0.015591856439581
0.890625 -0.018611395331399
0.9140625 -0.021586027616619
0.9375 -0.024508575937528
0.9609375 -0.027371988607492
0.984375 -0.030169356625653
1.0078125 -0.032893930347352
1.03125 -0.035539135770045
1.0546875 -0.038098590395419
1.078125 -0.04056611862944
1.1015625 -0.04293576668317
1.125 -0.045201816938393
1.1484375 -0.047358801743409
1.171875 -0.049401516605683
1.1953125 -0.051325032749533
1.21875 -0.053124709008554
1.2421875 -0.054796203024081
1.265625 -0.056335481722676
1.2890625 -0.057738831047345
1.3125 -0.059002864919028
1.3359375 -0.060124533406711
1.359375 -0.061101130086476
1.3828125 -0.061930298571703
1.40625 -6.26E-02
1.4296875 -0.063138708853996
1.453125 -0.06351503493173
1.4765625 -0.063738108411473
1.5 -6.38E-02
1.5234375 -0.063722715675813
1.546875 -0.063484286600856
1.5703125 -0.063092679119186
1.59375 -0.062548838123046
1.6171875 -0.061854075822149
1.640625 -0.061010068577494
1.6640625 -0.06001885285656
1.6875 -0.058882820319598
1.7109375 -0.057604712048902
1.734375 -0.056187611934975
1.7578125 -0.054634939235546
1.78125 -0.052950440325395
1.8046875 -0.051138179656892
1.828125 -0.049202529953062
1.8515625 -0.047148161656836
1.875 -0.044980031661948
1.8984375 -0.042703371352666
1.921875 -0.040323673981217
1.9453125 -0.037846681413366
1.96875 -0.035278370274121
1.9921875 -0.032624937527005
2.015625 -0.029892785521674
2.0390625 -0.027088506545976
2.0625 -0.024218866919711
2.0859375 -0.021290790668483
2.109375 -0.018311342817023
2.1328125 -0.015287712342308
2.15625 -0.012227194827598
2.1796875 -0.009137174859248
2.203125 -0.006025108208771
2.2265625 -0.002898503843134
2.25 0.000235094193288
2.2734375 0.003368124981405
2.296875 0.006493028970816
2.3203125 0.009602266219907
2.34375 0.012688334588648
2.3671875 0.015743787840166
2.390625 0.018761253607439
2.4140625 0.021733451181756
2.4375 0.02465320908001
2.4609375 0.027513482348454
2.484375 0.030307369561151
2.5078125 0.033028129472124
2.53125 0.035669197281001
2.5546875 0.038224200472933
2.578125 0.040686974194554
2.6015625 0.043051576128874
2.625 0.045312300833236
2.6484375 0.047463693505723
2.671875 0.049500563146808
2.6953125 0.051417995084483
2.71875 0.053211362832652
2.7421875 0.054876339254177
2.765625 0.056408907001629
2.7890625 0.057805368210573
2.8125 0.059062353421972
2.8359375 0.060176829712215
2.859375 0.061146108011112
2.8828125 0.061967849590242
2.90625 0.062640071705958
2.9296875 0.063161152383469
2.953125 0.063529834330422
2.9765625 0.063745227970574
3 0.063806813590208
3.0234375 0.063714442592124
3.046875 0.06346833785419
3.0703125 0.063069093191562
3.09375 0.062517671923899
3.1171875 0.061815404551011
3.140625 0.060963985542554
3.1640625 0.059965469249519
3.1875 0.058822264947383
3.2109375 0.057537131022873
3.234375 0.056113168318378
3.2578125 0.054553812650068
3.28125 0.052862826517758
3.3046875 0.05104429002655
3.328125 0.049102591042121
3.3515625 0.047042414603442
3.375 0.044868731618454
3.3984375 0.042586786869988
3.421875 0.04020208636086
3.4453125 0.037720384028681
3.46875 0.035147667862441
3.4921875 0.032490145454356
3.515625 0.029754229021843
3.5390625 0.026946519935768
3.5625 0.024073792792292
3.5859375 0.021142979066751
3.609375 0.018161150389007
3.6328125 0.015135501480626
3.65625 0.012073332795056
3.6796875 0.00898203290269
3.703125 0.005869060663312
3.7265625 0.002741927228944
3.75 -0.000391822079474
3.7734375 -0.003524625977852
3.796875 -0.006648925463242
3.8203125 -0.009757182052612
3.84375 -0.012841895972121
3.8671875 -0.015895624252985
3.890625 -0.01891099869029
3.9140625 -0.0218807436214
3.9375 -0.024797693481082
3.9609375 -0.027654810090979
3.984375 -0.030445199641716
4.0078125 -0.033162129326668
4.03125 -0.035799043587245
4.0546875 -0.038349579930511
4.078125 -0.040807584280958
4.1015625 -0.0431671258294
4.125 -0.04542251134316
4.1484375 -0.047568298903016
4.171875 -0.049599311033767
4.1953125 -0.051510647196731
4.21875 -0.053297695614035
4.2421875 -0.054956144396174
4.265625 -0.056481991945968
4.2890625 -0.057871556613848
4.3125 -0.059121485581134
4.3359375 -0.060228762949911
4.359375 -0.061190717019947
4.3828125 -0.062005026735126
4.40625 -0.062669727283815
4.4296875 -0.063183214839675
4.453125 -0.063544250431461
4.4765625 -0.063751962932477
4.5 -0.063805851162485
4.5234375 -0.063705785096975
4.546875 -0.063452006180899
4.5703125 -0.063045126746096
4.59375 -0.062486128533827
4.6171875 -0.061776360325973
4.640625 -0.060917534690621
4.6640625 -0.059911723849882
4.6875 -0.058761354679922
4.7109375 -0.057469202855259
4.734375 -0.056038386151461
4.7578125 -0.054472356922405
4.78125 -0.052774893770247
4.8046875 -0.050950092428199
4.828125 -0.049002355878118
4.8515625 -0.046936383726749
4.875 -0.044757160866249
4.8984375 -0.042469945446369
4.921875 -0.040080256187291
4.9453125 -0.03759385906376
4.96875 -0.03501675339262
4.9921875 -0.032355157357326
5.015625 -0.029615493004368
5.0390625 -0.026804370747804
5.0625 -0.023928573419283
5.0859375 -0.020995039902051
5.109375 -0.018010848388435
5.1328125 -0.014983199301183
5.15625 -0.011919397919886
5.1796875 -0.008826836754394
5.203125 -0.005712977707762
5.2265625 -0.002585334071749
5.25 0.00054854760166
5.2734375 0.003681105709001
5.296875 0.006804781840381
5.3203125 0.009912039016834
5.34375 0.012995379875955
5.3671875 0.016047364761959
5.390625 0.019060629676489
5.4140625 0.022027904046884
5.4375 0.024942028269018
5.4609375 0.027795970982387
5.484375 0.030582846035771
5.5078125 0.033295929102517
5.53125 0.035928673905371
5.5546875 0.038474728011695
5.578125 0.04092794816097
5.6015625 0.043282415087596
5.625 0.045532447803226
5.6484375 0.047672617304166
5.671875 0.049697759670779
5.6953125 0.051602988527274
5.71875 0.053383706831827
5.7421875 0.055035617968579
5.765625 0.056554736114745
5.7890625 0.057937395857832
5.8125 0.059180261039748
5.8359375 0.060280332806468
5.859375 0.061234956843839
5.8828125 0.062041829782052
5.90625 0.062699004753343
5.9296875 0.063204896089504
5.953125 0.063558283147868
5.9765625 0.063758313256547
6 0.063804503771803
6.0234375 0.063696743242601
6.046875 0.063435291679519
6.0703125 0.063020779927387
6.09375 0.062454208143143
6.1171875 0.061736943382602
6.140625 0.060870716301949
6.1640625 0.059857616981914
6.1875 0.058700089884709
6.2109375 0.057400927955896
6.234375 0.055963265885411
6.2578125 0.054390572544011
6.28125 0.052686642613391
6.3046875 0.050855587430166
6.328125 0.048901825065807
6.3515625 0.046830069666478
6.375 0.044645320078479
6.3984375 0.042352847786752
6.421875 0.039958184195553
6.4453125 0.037467107281973
6.46875 0.034885627654509
6.4921875 0.032219974050343
6.515625 0.029476578306293
6.5390625 0.026662059839722
6.5625 0.023783209676842
6.5859375 0.020846974066951
6.609375 0.017860437722131
6.6328125 0.014830806722871
6.65625 0.011765391130829
6.6796875 0.008671587350713
6.703125 0.005556860283824
6.7265625 0.002428725316332
6.75 -0.000705269814268
6.7734375 -0.003837563230755
6.796875 -0.006960597161898
6.8203125 -0.010066836178266
6.84375 -0.013148785374129
6.8671875 -0.016199008451582
6.890625 -0.01921014566326
6.9140625 -0.022174931570339
6.9375 -0.025086212572995
6.9609375 -0.027936964171005
6.984375 -0.030720307912845
7.0078125 -0.03342952799241
7.03125 -0.036058087453273
7.0546875 -0.038599643961422
7.078125 -0.041048065108392
7.1015625 -0.043397443207883
7.125 -0.045642109550151
7.1484375 -0.047776648079785
7.171875 -0.049795908463869
7.1953125 -0.051695018518984
7.21875 -0.053469395967092
7.2421875 -0.055114759491901
7.265625 -0.056627139069069
7.2890625 -0.058002885545295
7.3125 -0.059238679443201
7.3359375 -0.060331538970748
7.359375 -0.061278827215873
7.3828125 -0.062078258508975
7.40625 -0.062727903937902
7.4296875 -0.063226196002145
7.453125 -0.06357193239498
7.4765625 -0.06376427890447
7.5 -0.063802771426291
7.5234375 -0.063687317083553
7.546875 -0.063418194450894
7.5703125 -0.062996052882327
7.59375 -0.062421910944432
7.6171875 -0.061697153958713
7.640625 -0.060823530659011
7.6640625 -0.059803148972061
7.6875 -0.058638470931376
7.7109375 -0.057332306736709
7.734375 -0.055887807973454
7.7578125 -0.054308460008317
7.78125 -0.052598073579639
7.8046875 -0.050760775602632
7.828125 -0.048800999211726
7.8515625 -0.04672347306406
7.875 -0.044533209929917
7.8984375 -0.042235494597629
7.921875 -0.039835871122151
7.9453125 -0.037340129448056
7.96875 -0.034754291439236
7.9921875 -0.032084596349017
8.015625 -0.029337485765737
8.0390625 -0.02651958807013
8.0625 -0.023637702442
8.0859375 -0.020698782454783
8.109375 -0.017709919297576
8.1328125 -0.014678324665129
8.15625 -0.011611313357064
8.1796875 -0.008516285628319
8.203125 -0.00540070933341
8.2265625 -0.002272101907569
8.25 0.000861987771736
8.2734375 0.003993997599151
8.296875 0.007116370487704
8.3203125 0.010221572602964
8.34375 0.013302111541093
8.3671875 0.016350554406936
8.390625 0.01935954574852
8.4140625 0.022321825304695
8.4375 0.025230245523101
8.4609375 0.028077788806171
8.484375 0.030857584443585
8.5078125 0.033562925190298
8.53125 0.036187283450154
8.5546875 0.038724327026031
8.578125 0.041167934398517
8.6015625 0.043512209496255
8.625 0.045751495922305
8.6484375 0.047880390602219
8.671875 0.049893756820871
8.6953125 0.051786736616614
8.71875 0.053554762502838
8.7421875 0.055193568488652
8.765625 0.056699200372108
8.7890625 0.058068025281115
8.8125 0.059296740439034
8.8359375 0.060382381133806
8.859375 0.061322327871365
8.8828125 0.062114312696107
8.90625 0.062756424663134
8.9296875 0.063247114449087
8.953125 0.063585198090446
8.9765625 0.063769859840253
9 0.0638006541364
9.0234375 0.063677506676702
9.046875 0.063400714598178
9.0703125 0.062970945760102
9.09375 0.062389237132556
9.1171875 0.061656992294371
9.140625 0.060775978046492
9.1640625 0.059748320148947
9.1875 0.05857649819169
9.2109375 0.057263339611715
9.234375 0.055812012870854
9.2578125 0.054226019810737
9.28125 0.05250918720336
9.3046875 0.05066565751763
9.328125 0.048699878924191
9.3515625 0.046616594562629
9.375 0.044420831096964
9.3984375 0.042117886587032
9.421875 0.03971331770504
9.4453125 0.037212926328111
9.46875 0.034622745539199
9.4921875 0.031949025070127
9.515625 0.029198216221894
9.5390625 0.026376956298612
9.5625 0.023492052592653
9.5859375 0.020550465959639
9.609375 0.017559294022899
9.6328125 0.014525754047934
9.65625 0.011457165528194
9.6796875 0.008360932524204
9.703125 0.005244525798632
9.7265625 0.002115464790421
9.75 -0.001018700528532
9.7734375 -0.004150407870366
9.796875 -0.007272100877963
9.8203125 -0.010376247357348
9.84375 -0.013455357451778
9.8671875 -0.016502001713691
9.890625 -0.019508829030886
9.9140625 -0.022468584363692
9.9375 -0.025374126250334
9.9609375 -0.028218444038243
9.984375 -0.030994674799753
10.0078125 -0.03369611989135
10.03125 -0.036316261116529
10.0546875 -0.038848776453265
10.078125 -0.041287555308132
10.1015625 -0.043626713260287
10.125 -0.045860606259724
10.1484375 -0.047983844245552
10.171875 -0.049991304151432
10.1953125 -0.051878142266795
10.21875 -0.053639805924018
10.2421875 -0.055272044483349
10.265625 -0.056770919589091
10.2890625 -0.05813281467228
10.3125 -0.059354443676947
10.3359375 -0.060432858988893
10.359375 -0.06136545854786
10.3828125 -0.062149992125922
10.40625 -0.062784566756962
10.4296875 -0.063267651304124
10.453125 -0.063598080154229
10.4765625 -0.063775056030224
10.5 -0.063798151914905
10.5234375 -0.063667312081239
10.546875 -0.063382852226833
10.5703125 -0.062945458712194
10.59375 -0.062356186904648
10.6171875 -0.061616458631884
10.640625 -0.060728058751296
10.6640625 -0.059693130843373
10.6875 -0.058514172039556
10.7109375 -0.057194026997016
10.734375 -0.055735881034909
10.7578125 -0.054143252448663
10.78125 -0.052419984020836
10.8046875 -0.050570233749041
10.828125 -0.048598464813297
10.8515625 -0.04650943480702
10.875 -0.044308184257639
10.8984375 -0.042000024464533
10.921875 -0.03959052468363
10.9453125 -0.0370854986896
10.96875 -0.034490990748059
10.9921875 -0.031813261031624
11.015625 -0.029058770515027
11.0390625 -0.026234165385715
11.0625 -0.023346261007558
11.0859375 -0.020402025476365
11.109375 -0.017408562806876
11.1328125 -0.014373095791796
11.15625 -0.011302948574247
11.1796875 -0.008205528975666
11.203125 -0.005088310621801
11.2265625 -0.001958814909937
11.25 0.001175407139152
11.2734375 0.004306793100723
11.296875 0.007427787393102
11.3203125 0.010530859508212
11.34375 0.013608522181597
11.3671875 0.016653349458113
11.390625 0.019657994609681
11.4140625 0.022615207861881
11.4375 0.02551785388661
11.4609375 0.028358929018597
11.484375 0.031131578154235
11.5078125 0.033829111291955
11.53125 0.036445019674232
11.5546875 0.038972991492278
11.578125 0.041406927115522
11.6015625 0.043740953809138
11.625 0.045969439904106
11.6484375 0.048087008385613
11.671875 0.050088549867015
11.6953125 0.051969234918045
11.71875 0.053724525717536
11.7421875 0.055350187002519
11.765625 0.05684229628731
11.7890625 0.058197253327894
11.8125 0.059411788808793
11.8359375 0.060482972231459
11.859375 0.061408218985135
11.8828125 0.062185296583152
11.90625 0.062812330049595
11.9296875 0.063287806443349
11.953125 0.063610578508607
11.9765625 0.063779867443034
12 0.063795264776903
12.0234375 0.063656733358671
12.046875 0.063364607444627
12.0703125 0.062919591892374
12.09375 0.062322760460109
12.1171875 0.061575553215807
12.140625 0.060679773062535
12.1640625 0.059637581388316
12.1875 0.058451492851008
12.2109375 0.057124369310799
12.234375 0.05565941292495
12.2578125 0.054060158421458
12.28125 0.052330464570261
12.3046875 0.05047450487259
12.328125 0.048496757490911
12.3515625 0.046401994443765
12.375 0.044195270091582
12.3984375 0.041881908941233
12.421875 0.039467492798772
12.4453125 0.036957847301338
12.46875 0.034359027860739
12.4921875 0.031677305052618
12.515625 0.02891914948646
12.5390625 0.026091216192945
12.5625 0.023200328566325
12.5859375 0.020253461900555
12.609375 0.01725772655892
12.6328125 0.014220350817758
12.65625 0.011148663425669
12.6796875 0.008050075920308
12.703125 0.004932064745416
12.7265625 0.001802153211239
12.75 -0.00133210665813
12.7734375 -0.004463152346694
12.796875 -0.007583429093807
12.8203125 -0.010685408122726
12.84375 -0.013761604806455
12.8671875 -0.016804596727068
12.890625 -0.019807041584937
12.9140625 -0.022761694914632
12.9375 -0.025661427564772
12.9609375 -0.02849924289964
12.984375 -0.031268293681046
13.0078125 -0.03396189858973
13.03125 -0.036573558346417
13.0546875 -0.039096971393637
13.078125 -0.041526049100475
13.1015625 -0.043854930453556
13.125 -0.04607799619882
13.1484375 -0.048189882399977
13.171875 -0.050185493380902
13.1953125 -0.052060014020771
13.21875 -0.053808921372247
13.2421875 -0.055427995574702
13.265625 -0.056913330036126
13.2890625 -0.058261340859175
13.3125 -0.059468775488592
13.3359375 -0.060532720559154
13.359375 -0.061450608925202
13.3828125 -0.062220225854794
13.40625 -0.062839714373528
13.4296875 -0.063307579745158
13.453125 -0.063622693078174
13.4765625 -0.063784294049653
13.5 -0.063791992739812
13.5234375 -0.063645770572823
13.546875 -0.06334598036164
13.5703125 -0.062893345456705
13.59375 -0.062288958000615
13.6171875 -0.061534276292935
13.640625 -0.060631121271535
13.6640625 -0.059581672118926
13.6875 -0.058388461004213
13.7109375 -0.057054366973333
13.734375 -0.055582609002336
13.7578125 -0.053976738230458
13.78125 -0.052240629391737
13.8046875 -0.050378471465842
13.828125 -0.048394757570668
13.8515625 -0.04629427412109
13.875 -0.044082089280042
13.8984375 -0.041763540729766
13.921875 -0.039344222792761
13.9453125 -0.036829972933489
13.96875 -0.034226857673417
13.9921875 -0.03154115795338
14.015625 -0.028779353978575
14.0390625 -0.025948109582766
14.0625 -0.023054256149416
14.0859375 -0.020104776128542
14.109375 -0.017106786189079
14.1328125 -0.014067520047382
14.15625 -0.010994311013315
14.1796875 -0.007894574296035
14.203125 -0.004775789112164
14.2265625 -0.001645480639522
14.25 0.001488798140045
14.2734375 0.00461948466491
14.296875 0.00773902504104
14.3203125 0.010839892268446
14.34375 0.013914604402749
14.3671875 0.016955742608029
14.390625 0.019955969057401
14.4140625 0.022908044638136
14.4375 0.025804846418589
14.4609375 0.028639384834807
14.484375 0.031404820555332
14.5078125 0.034094480983522
14.53125 0.036701876357565
14.5546875 0.039220715409328
14.578125 0.041644920544288
14.6015625 0.043968642505878
14.625 0.046186274488909
14.6484375 0.048292465667969
14.671875 0.050282134108201
14.6953125 0.052150479027271
14.71875 0.053892992378964
14.7421875 0.05550546973045
14.765625 0.056984020406967
14.7890625 0.058325076879462
14.8125 0.059525403372521
14.8359375 0.060582103671827
14.859375 0.061492628112308
14.8828125 0.062254779730107
14.90625 0.062866719563542
14.9296875 6.33E-02
14.953125 6.36E-02
14.9765625 6.38E-02
15 6.38E-02
15.0234375 6.36E-02
15.046875 6.33E-02
15.0703125 0.062866719563542
15.09375 0.062254779730107
15.1171875 0.061492628112308
15.140625 0.060582103671827
15.1640625 0.059525403372521
15.1875 0.058325076879462
15.2109375 0.056984020406967
15.234375 0.05550546973045
15.2578125 0.053892992378965
15.28125 0.052150479027271
15.3046875 0.050282134108201
15.328125 0.048292465667969
15.3515625 0.046186274488909
15.375 0.043968642505879
15.3984375 0.041644920544288
15.421875 0.039220715409329
15.4453125 0.036701876357565
15.46875 0.034094480983523
15.4921875 0.031404820555332
15.515625 0.028639384834808
15.5390625 0.02580484641859
15.5625 0.022908044638137
15.5859375 0.019955969057401
15.609375 0.016955742608029
15.6328125 0.01391460440275
15.65625 0.010839892268447
15.6796875 0.00773902504104
15.703125 0.004619484664911
15.7265625 0.001488798140046
15.75 -0.001645480639521
15.7734375 -0.004775789112164
15.796875 -0.007894574296034
15.8203125 -0.010994311013314
15.84375 -0.014067520047381
15.8671875 -0.017106786189078
15.890625 -0.020104776128541
15.9140625 -0.023054256149415
15.9375 -0.025948109582766
15.9609375 -0.028779353978575
15.984375 -0.031541157953379
16.0078125 -0.034226857673417
16.03125 -0.036829972933489
16.0546875 -0.039344222792761
16.078125 -0.041763540729766
16.1015625 -0.044082089280042
16.125 -0.04629427412109
16.1484375 -0.048394757570667
16.171875 -0.050378471465842
16.1953125 -0.052240629391737
16.21875 -0.053976738230457
16.2421875 -0.055582609002335
16.265625 -0.057054366973333
16.2890625 -0.058388461004213
16.3125 -0.059581672118926
16.3359375 -0.060631121271534
16.359375 -0.061534276292935
16.3828125 -0.062288958000615
16.40625 -0.062893345456705
16.4296875 -0.06334598036164
16.453125 -0.063645770572823
16.4765625 -0.063791992739812
16.5 -0.063784294049653
16.5234375 -0.063622693078174
16.546875 -0.063307579745159
16.5703125 -0.062839714373528
16.59375 -0.062220225854794
16.6171875 -0.061450608925202
16.640625 -0.060532720559154
16.6640625 -0.059468775488592
16.6875 -0.058261340859175
16.7109375 -0.056913330036127
16.734375 -0.055427995574702
16.7578125 -0.053808921372248
16.78125 -0.052060014020772
16.8046875 -0.050185493380903
16.828125 -0.048189882399978
16.8515625 -0.046077996198821
16.875 -0.043854930453556
16.8984375 -0.041526049100476
16.921875 -0.039096971393638
16.9453125 -0.036573558346417
16.96875 -0.03396189858973
16.9921875 -0.031268293681046
17.015625 -0.02849924289964
17.0390625 -0.025661427564773
17.0625 -0.022761694914632
17.0859375 -0.019807041584938
17.109375 -0.016804596727069
17.1328125 -0.013761604806455
17.15625 -0.010685408122727
17.1796875 -0.007583429093808
17.203125 -0.004463152346695
17.2265625 -0.001332106658131
17.25 0.001802153211238
17.2734375 0.004932064745416
17.296875 0.008050075920308
17.3203125 0.011148663425668
17.34375 0.014220350817757
17.3671875 0.017257726558919
17.390625 0.020253461900554
17.4140625 0.023200328566324
17.4375 0.026091216192945
17.4609375 0.02891914948646
17.484375 0.031677305052618
17.5078125 0.034359027860738
17.53125 0.036957847301337
17.5546875 0.039467492798771
17.578125 0.041881908941233
17.6015625 0.044195270091582
17.625 0.046401994443765
17.6484375 0.048496757490911
17.671875 0.05047450487259
17.6953125 0.052330464570261
17.71875 0.054060158421458
17.7421875 0.05565941292495
17.765625 0.057124369310799
17.7890625 0.058451492851008
17.8125 0.059637581388316
17.8359375 0.060679773062535
17.859375 0.061575553215807
17.8828125 0.062322760460109
17.90625 0.062919591892374
17.9296875 0.063364607444627
17.953125 0.063656733358671
17.9765625 0.063795264776903
18 0.063779867443034
18.0234375 0.063610578508607
18.046875 0.063287806443349
18.0703125 0.062812330049595
18.09375 0.062185296583152
18.1171875 0.061408218985135
18.140625 0.060482972231459
18.1640625 0.059411788808794
18.1875 0.058197253327894
18.2109375 0.056842296287311
18.234375 0.05535018700252
18.2578125 0.053724525717536
18.28125 0.051969234918046
18.3046875 0.050088549867015
18.328125 0.048087008385614
18.3515625 0.045969439904107
18.375 0.043740953809139
18.3984375 0.041406927115523
18.421875 0.038972991492279
18.4453125 0.036445019674232
18.46875 0.033829111291955
18.4921875 0.031131578154236
18.515625 0.028358929018598
18.5390625 0.025517853886611
18.5625 0.022615207861882
18.5859375 0.019657994609682
18.609375 0.016653349458114
18.6328125 0.013608522181598
18.65625 0.010530859508212
18.6796875 0.007427787393102
18.703125 0.004306793100723
18.7265625 0.001175407139153
18.75 -0.001958814909936
18.7734375 -0.0050883106218
18.796875 -0.008205528975665
18.8203125 -0.011302948574247
18.84375 -0.014373095791796
18.8671875 -0.017408562806875
18.890625 -0.020402025476365
18.9140625 -0.023346261007557
18.9375 -0.026234165385714
18.9609375 -0.029058770515027
18.984375 -0.031813261031624
19.0078125 -0.034490990748058
19.03125 -0.0370854986896
19.0546875 -0.039590524683629
19.078125 -0.042000024464532
19.1015625 -0.044308184257639
19.125 -0.04650943480702
19.1484375 -0.048598464813297
19.171875 -0.050570233749041
19.1953125 -0.052419984020836
19.21875 -0.054143252448663
19.2421875 -0.055735881034909
19.265625 -0.057194026997016
19.2890625 -0.058514172039556
19.3125 -0.059693130843373
19.3359375 -0.060728058751296
19.359375 -0.061616458631884
19.3828125 -0.062356186904648
19.40625 -0.062945458712194
19.4296875 -0.063382852226832
19.453125 -0.063667312081239
19.4765625 -0.063798151914905
19.5 -0.063775056030224
19.5234375 -0.063598080154229
19.546875 -0.063267651304124
19.5703125 -0.062784566756962
19.59375 -0.062149992125922
19.6171875 -0.06136545854786
19.640625 -0.060432858988893
19.6640625 -0.059354443676947
19.6875 -0.05813281467228
19.7109375 -0.056770919589091
19.734375 -0.05527204448335
19.7578125 -0.053639805924018
19.78125 -0.051878142266796
19.8046875 -0.049991304151432
19.828125 -0.047983844245553
19.8515625 -0.045860606259725
19.875 -0.043626713260287
19.8984375 -0.041287555308132
19.921875 -0.038848776453265
19.9453125 -0.03631626111653
19.96875 -0.03369611989135
19.9921875 -0.030994674799754
20.015625 -0.028218444038244
20.0390625 -0.025374126250334
20.0625 -0.022468584363693
20.0859375 -0.019508829030887
20.109375 -0.016502001713692
20.1328125 -0.013455357451778
20.15625 -0.010376247357348
20.1796875 -0.007272100877964
20.203125 -0.004150407870367
20.2265625 -0.001018700528532
20.25 0.002115464790421
20.2734375 0.005244525798631
20.296875 0.008360932524203
20.3203125 0.011457165528193
20.34375 0.014525754047933
20.3671875 0.017559294022899
20.390625 0.020550465959639
20.4140625 0.023492052592653
20.4375 0.026376956298611
20.4609375 0.029198216221893
20.484375 0.031949025070127
20.5078125 0.034622745539198
20.53125 0.037212926328111
20.5546875 0.03971331770504
20.578125 0.042117886587032
20.6015625 0.044420831096963
20.625 0.046616594562629
20.6484375 0.048699878924191
20.671875 0.05066565751763
20.6953125 0.05250918720336
20.71875 0.054226019810737
20.7421875 0.055812012870853
20.765625 0.057263339611715
20.7890625 0.05857649819169
20.8125 0.059748320148947
20.8359375 0.060775978046492
20.859375 0.061656992294371
20.8828125 0.062389237132556
20.90625 0.062970945760102
20.9296875 0.063400714598178
20.953125 0.063677506676702
20.9765625 0.0638006541364
21 0.063769859840253
21.0234375 0.063585198090446
21.046875 0.063247114449088
21.0703125 0.062756424663134
21.09375 0.062114312696108
21.1171875 0.061322327871366
21.140625 0.060382381133806
21.1640625 0.059296740439035
21.1875 0.058068025281115
21.2109375 0.056699200372108
21.234375 0.055193568488653
21.2578125 0.053554762502838
21.28125 0.051786736616614
21.3046875 0.049893756820871
21.328125 0.047880390602219
21.3515625 0.045751495922306
21.375 0.043512209496255
21.3984375 0.041167934398517
21.421875 0.038724327026031
21.4453125 0.036187283450155
21.46875 0.033562925190299
21.4921875 0.030857584443586
21.515625 0.028077788806172
21.5390625 0.025230245523102
21.5625 0.022321825304696
21.5859375 0.01935954574852
21.609375 0.016350554406937
21.6328125 0.013302111541094
21.65625 0.010221572602964
21.6796875 0.007116370487704
21.703125 0.003993997599151
21.7265625 0.000861987771737
21.75 -0.002272101907568
21.7734375 -0.005400709333409
21.796875 -0.008516285628319
21.8203125 -0.011611313357063
21.84375 -0.014678324665129
21.8671875 -0.017709919297576
21.890625 -0.020698782454782
21.9140625 -0.023637702442
21.9375 -0.026519588070129
21.9609375 -0.029337485765736
21.984375 -0.032084596349016
22.0078125 -0.034754291439236
22.03125 -0.037340129448055
22.0546875 -0.03983587112215
22.078125 -0.042235494597628
22.1015625 -0.044533209929916
22.125 -0.04672347306406
22.1484375 -0.048800999211726
22.171875 -0.050760775602632
22.1953125 -0.052598073579639
22.21875 -0.054308460008316
22.2421875 -0.055887807973453
22.265625 -0.057332306736709
22.2890625 -0.058638470931376
22.3125 -0.059803148972061
22.3359375 -0.06082353065901
22.359375 -0.061697153958713
22.3828125 -0.062421910944432
22.40625 -0.062996052882327
22.4296875 -0.063418194450894
22.453125 -0.063687317083553
22.4765625 -0.063802771426291
22.5 -0.06376427890447
22.5234375 -0.06357193239498
22.546875 -0.063226196002145
22.5703125 -0.062727903937903
22.59375 -0.062078258508975
22.6171875 -0.061278827215874
22.640625 -0.060331538970748
22.6640625 -0.059238679443201
22.6875 -0.058002885545295
22.7109375 -0.05662713906907
22.734375 -0.055114759491902
22.7578125 -0.053469395967093
22.78125 -0.051695018518985
22.8046875 -0.049795908463869
22.828125 -0.047776648079786
22.8515625 -0.045642109550151
22.875 -0.043397443207883
22.8984375 -0.041048065108392
22.921875 -0.038599643961422
22.9453125 -0.036058087453274
22.96875 -0.033429527992411
22.9921875 -0.030720307912846
23.015625 -0.027936964171005
23.0390625 -0.025086212572996
23.0625 -0.022174931570339
23.0859375 -0.01921014566326
23.109375 -0.016199008451583
23.1328125 -0.013148785374129
23.15625 -0.010066836178267
23.1796875 -0.006960597161898
23.203125 -0.003837563230755
23.2265625 -0.000705269814268
23.25 0.002428725316332
23.2734375 0.005556860283823
23.296875 0.008671587350712
23.3203125 0.011765391130828
23.34375 0.014830806722871
23.3671875 0.017860437722131
23.390625 0.02084697406695
23.4140625 0.023783209676842
23.4375 0.026662059839721
23.4609375 0.029476578306292
23.484375 0.032219974050342
23.5078125 0.034885627654509
23.53125 0.037467107281972
23.5546875 0.039958184195553
23.578125 0.042352847786751
23.6015625 0.044645320078478
23.625 0.046830069666478
23.6484375 0.048901825065807
23.671875 0.050855587430166
23.6953125 0.052686642613391
23.71875 0.05439057254401
23.7421875 0.05596326588541
23.765625 0.057400927955896
23.7890625 0.058700089884709
23.8125 0.059857616981914
23.8359375 0.060870716301949
23.859375 0.061736943382602
23.8828125 0.062454208143143
23.90625 0.063020779927387
23.9296875 0.063435291679519
23.953125 0.063696743242601
23.9765625 0.063804503771803
24 0.063758313256547
24.0234375 0.063558283147868
24.046875 0.063204896089504
24.0703125 0.062699004753343
24.09375 0.062041829782052
24.1171875 0.061234956843839
24.140625 0.060280332806468
24.1640625 0.059180261039748
24.1875 0.057937395857832
24.2109375 0.056554736114745
24.234375 0.055035617968579
24.2578125 0.053383706831828
24.28125 0.051602988527274
24.3046875 0.049697759670779
24.328125 0.047672617304167
24.3515625 0.045532447803227
24.375 0.043282415087597
24.3984375 0.04092794816097
24.421875 0.038474728011695
24.4453125 0.035928673905372
24.46875 0.033295929102518
24.4921875 0.030582846035771
24.515625 0.027795970982387
24.5390625 0.024942028269018
24.5625 0.022027904046885
24.5859375 0.01906062967649
24.609375 0.016047364761959
24.6328125 0.012995379875956
24.65625 0.009912039016834
24.6796875 0.006804781840382
24.703125 0.003681105709001
24.7265625 0.000548547601661
24.75 -0.002585334071749
24.7734375 -0.005712977707761
24.796875 -0.008826836754393
24.8203125 -0.011919397919885
24.84375 -0.014983199301182
24.8671875 -0.018010848388435
24.890625 -0.020995039902051
24.9140625 -0.023928573419282
24.9375 -0.026804370747804
24.9609375 -0.029615493004368
24.984375 -0.032355157357325
25.0078125 -0.035016753392619
25.03125 -0.03759385906376
25.0546875 -0.04008025618729
25.078125 -0.042469945446368
25.1015625 -0.044757160866249
25.125 -0.046936383726748
25.1484375 -0.049002355878118
25.171875 -0.050950092428198
25.1953125 -0.052774893770247
25.21875 -0.054472356922405
25.2421875 -0.056038386151461
25.265625 -0.057469202855259
25.2890625 -0.058761354679922
25.3125 -0.059911723849882
25.3359375 -0.060917534690621
25.359375 -0.061776360325973
25.3828125 -0.062486128533827
25.40625 -0.063045126746096
25.4296875 -0.063452006180899
25.453125 -0.063705785096975
25.4765625 -0.063805851162485
25.5 -0.063751962932477
25.5234375 -0.063544250431461
25.546875 -0.063183214839675
25.5703125 -0.062669727283815
25.59375 -0.062005026735126
25.6171875 -0.061190717019947
25.640625 -0.060228762949911
25.6640625 -0.059121485581134
25.6875 -0.057871556613848
25.7109375 -0.056481991945968
25.734375 -0.054956144396174
25.7578125 -0.053297695614036
25.78125 -0.051510647196731
25.8046875 -0.049599311033767
25.828125 -0.047568298903016
25.8515625 -0.04542251134316
25.875 -0.0431671258294
25.8984375 -0.040807584280958
25.921875 -0.038349579930512
25.9453125 -0.035799043587246
25.96875 -0.033162129326669
25.9921875 -0.030445199641717
26.015625 -0.02765481009098
26.0390625 -0.024797693481082
26.0625 -0.0218807436214
26.0859375 -0.018910998690291
26.109375 -0.015895624252986
26.1328125 -0.012841895972121
26.15625 -0.009757182052613
26.1796875 -0.006648925463243
26.203125 -0.003524625977853
26.2265625 -0.000391822079474
26.25 0.002741927228943
26.2734375 0.005869060663311
26.296875 0.00898203290269
26.3203125 0.012073332795055
26.34375 0.015135501480625
26.3671875 0.018161150389007
26.390625 0.021142979066751
26.4140625 0.024073792792292
26.4375 0.026946519935767
26.4609375 0.029754229021842
26.484375 0.032490145454356
26.5078125 0.035147667862441
26.53125 0.037720384028681
26.5546875 0.040202086360859
26.578125 0.042586786869988
26.6015625 0.044868731618454
26.625 0.047042414603441
26.6484375 0.04910259104212
26.671875 0.051044290026549
26.6953125 0.052862826517758
26.71875 0.054553812650067
26.7421875 0.056113168318378
26.765625 0.057537131022872
26.7890625 0.058822264947382
26.8125 0.059965469249519
26.8359375 0.060963985542554
26.859375 0.061815404551011
26.8828125 0.062517671923899
26.90625 0.063069093191562
26.9296875 0.06346833785419
26.953125 0.063714442592124
26.9765625 0.063806813590208
27 0.063745227970574
27.0234375 0.063529834330422
27.046875 0.063161152383469
27.0703125 0.062640071705959
27.09375 0.061967849590242
27.1171875 0.061146108011112
27.140625 0.060176829712215
27.1640625 0.059062353421973
27.1875 0.057805368210573
27.2109375 0.05640890700163
27.234375 0.054876339254177
27.2578125 0.053211362832652
27.28125 0.051417995084483
27.3046875 0.049500563146809
27.328125 0.047463693505724
27.3515625 0.045312300833236
27.375 0.043051576128874
27.3984375 0.040686974194554
27.421875 0.038224200472934
27.4453125 0.035669197281001
27.46875 0.033028129472125
27.4921875 0.030307369561152
27.515625 0.027513482348455
27.5390625 0.024653209080011
27.5625 0.021733451181756
27.5859375 0.018761253607439
27.609375 0.015743787840166
27.6328125 0.012688334588649
27.65625 0.009602266219908
27.6796875 0.006493028970816
27.703125 0.003368124981406
27.7265625 0.000235094193288
27.75 -0.002898503843134
27.7734375 -0.006025108208771
27.796875 -0.009137174859248
27.8203125 -0.012227194827597
27.84375 -0.015287712342307
27.8671875 -0.018311342817022
27.890625 -0.021290790668483
27.9140625 -0.024218866919711
27.9375 -0.027088506545975
27.9609375 -0.029892785521673
27.984375 -0.032624937527004
28.0078125 -0.03527837027412
28.03125 -0.037846681413365
28.0546875 -0.040323673981217
28.078125 -0.042703371352666
28.1015625 -0.044980031661948
28.125 -0.047148161656836
28.1484375 -0.049202529953061
28.171875 -0.051138179656891
28.1953125 -0.052950440325394
28.21875 -0.054634939235546
28.2421875 -0.056187611934975
28.265625 -0.057604712048902
28.2890625 -0.058882820319597
28.3125 -0.06001885285656
28.3359375 -0.061010068577494
28.359375 -0.061854075822148
28.3828125 -0.062548838123046
28.40625 -0.063092679119185
28.4296875 -0.063484286600856
28.453125 -0.063722715675813
28.4765625 -6.38E-02
28.5 -0.063738108411473
28.5234375 -0.06351503493173
28.546875 -0.063138708853996
28.5703125 -6.26E-02
28.59375 -0.061930298571703
28.6171875 -0.061101130086476
28.640625 -0.060124533406712
28.6640625 -0.059002864919028
28.6875 -0.057738831047345
28.7109375 -0.056335481722676
28.734375 -0.054796203024081
28.7578125 -0.053124709008554
28.78125 -0.051325032749533
28.8046875 -0.049401516605684
28.828125 -0.04735880174341
28.8515625 -0.045201816938393
28.875 -0.04293576668317
28.8984375 -0.040566118629441
28.921875 -0.038098590395419
28.9453125 -0.035539135770045
28.96875 -0.032893930347353
28.9921875 -0.030169356625653
29.015625 -0.027371988607492
29.0390625 -0.024508575937528
29.0625 -0.021586027616619
29.0859375 -0.0186113953314
29.109375 -0.015591856439582
29.1328125 -0.012534696652027
29.15625 -0.009447292453381
29.1796875 -0.006337093303681
29.203125 -0.003211603663886
29.2265625 -7.84E-05
29.25 0.00305506296964
29.2734375 0.00618111940265
29.296875 0.009292261688042
29.3203125 0.012380983089207
29.34375 0.015439830967887
29.3671875 0.018461424766319
29.390625 0.021438473815447
29.4140625 0.024363794926256
29.4375 0.027230329721773
29.4609375 0.030031161667901
29.484375 0.032759532762023
29.5078125 0.035408859839085
29.53125 0.037972750455817
29.5546875 0.040445018314781
29.578125 0.042819698191006
29.6015625 0.045091060325219
29.625 0.047253624248923
29.6484375 0.049302172007974
29.671875 0.051231760752755
29.6953125 0.053037734664552
29.71875 0.054715736189376
29.7421875 0.056261716552107
29.765625 0.057671945525607
29.7890625 0.058943020431215
29.8125 0.060071874348923
29.8359375 0.061055783517406
29.859375 0.061892373906067
29.8828125 0.062579626943232
29.90625 0.063115884386665
29.9296875 6.35E-02
29.953125 6.37E-02
29.9765625 6.38E-02
